OLS estimation, Dep. Var.: GDP.growth..annual...
Observations: 13,743
Fixed-effects: ISO3: 258,  Year: 63
Standard-errors: Clustered (ISO3) 
                       Estimate Std. Error   t value Pr(>|t|) 
`event_time_-5_low`   3014.8273   3305.543  0.912052  0.36260 
`event_time_-4_low`   2861.9361   3241.052  0.883027  0.37805 
`event_time_-3_low`   1014.1362   1044.259  0.971154  0.33238 
`event_time_-2_low`   1035.0155   1053.702  0.982266  0.32689 
event_time_0_low       981.7313   1011.875  0.970210  0.33285 
event_time_1_low       380.7771    416.540  0.914143  0.36150 
event_time_2_low       450.6268    480.011  0.938784  0.34872 
event_time_3_low       471.4099    495.748  0.950906  0.34255 
event_time_4_low       466.7171    487.095  0.958165  0.33888 
event_time_5_low       459.7475    484.616  0.948683  0.34367 
event_time_6_low       -15.4972    133.513 -0.116072  0.90769 
event_time_7_low       -43.1632    127.389 -0.338830  0.73501 
event_time_8_low      -159.3007    195.312 -0.815621  0.41547 
event_time_9_low      -200.3711    224.547 -0.892335  0.37305 
event_time_10_low     -198.4313    227.586 -0.871896  0.38408 
`event_time_-5_mid`  10067.1628  10136.018  0.993207  0.32154 
`event_time_-4_mid`   9837.6050   9906.289  0.993067  0.32161 
`event_time_-3_mid`   9691.1851   9759.893  0.992960  0.32166 
`event_time_-2_mid`   9733.9528   9803.358  0.992920  0.32168 
event_time_0_mid      9946.5615  10019.724  0.992698  0.32179 
event_time_1_mid     10126.7171  10197.598  0.993049  0.32162 
event_time_2_mid     10197.6541  10268.356  0.993115  0.32159 
event_time_3_mid     10213.8971  10284.254  0.993159  0.32157 
event_time_4_mid     10012.9118  10080.383  0.993307  0.32149 
event_time_5_mid     10116.4668  10196.421  0.992159  0.32205 
event_time_6_mid      9906.1658   9979.957  0.992606  0.32184 
event_time_7_mid     10356.7653  10431.029  0.992880  0.32170 
event_time_8_mid      9941.1420  10022.311  0.991901  0.32218 
event_time_9_mid      9701.1662   9786.267  0.991304  0.32247 
event_time_10_mid     9740.8668   9828.484  0.991085  0.32258 
`event_time_-5_high`  9753.5624   9977.447  0.977561  0.32921 
`event_time_-4_high`  9710.1486   9929.705  0.977889  0.32905 
`event_time_-3_high`  9719.5791   9939.173  0.977906  0.32904 
`event_time_-2_high`  9748.0787   9966.503  0.978084  0.32895 
event_time_0_high    10067.8147  10290.682  0.978343  0.32882 
event_time_1_high     8827.2218   9043.885  0.976043  0.32996 
event_time_2_high     8884.5844   9099.222  0.976411  0.32978 
event_time_3_high     8908.2254   9122.331  0.976529  0.32972 
event_time_4_high     8303.6677   8500.099  0.976891  0.32954 
event_time_5_high     9484.2656   9643.458  0.983492  0.32629 
event_time_6_high     8910.2120   9101.642  0.978968  0.32852 
event_time_7_high     8396.0058   8555.445  0.981364  0.32734 
event_time_8_high     9303.5478   9444.926  0.985031  0.32554 
event_time_9_high     9298.2634   9428.766  0.986159  0.32498 
event_time_10_high    9591.8423   9718.114  0.987007  0.32457 
---
Signif. codes:  0 '***' 0.001 '**' 0.01 '*' 0.05 '.' 0.1 ' ' 1
RMSE: 847,192.8     Adj. R2: -0.004278
                  Within R2:  4.242e-6
