OLS estimation, Dep. Var.: GDP.per.capita.growth..annual...
Observations: 13,743
Fixed-effects: ISO3: 258,  Year: 63
Standard-errors: Clustered (ISO3) 
                       Estimate Std. Error   t value Pr(>|t|) 
`event_time_-5_low`   2950.0770   3234.146  0.912166  0.36254 
`event_time_-4_low`   2800.5314   3171.047  0.883157  0.37798 
`event_time_-3_low`    992.4521   1021.662  0.971409  0.33226 
`event_time_-2_low`   1012.8086   1030.899  0.982451  0.32680 
event_time_0_low       960.6849    989.981  0.970407  0.33276 
event_time_1_low       372.7025    407.526  0.914548  0.36129 
event_time_2_low       440.9397    469.623  0.938923  0.34865 
event_time_3_low       461.2700    485.019  0.951034  0.34248 
event_time_4_low       456.6528    476.555  0.958237  0.33884 
event_time_5_low       449.6426    474.134  0.948346  0.34384 
event_time_6_low       -15.3122    130.632 -0.117217  0.90678 
event_time_7_low       -42.3958    124.628 -0.340178  0.73400 
event_time_8_low      -155.9139    191.083 -0.815950  0.41528 
event_time_9_low      -196.0288    219.694 -0.892280  0.37308 
event_time_10_low     -194.1059    222.663 -0.871748  0.38416 
`event_time_-5_mid`   9849.4443   9916.769  0.993211  0.32154 
`event_time_-4_mid`   9624.8832   9692.007  0.993074  0.32161 
`event_time_-3_mid`   9481.7894   9548.776  0.992985  0.32165 
`event_time_-2_mid`   9523.5973   9591.301  0.992941  0.32167 
event_time_0_mid      9731.4706   9802.982  0.992705  0.32179 
event_time_1_mid      9907.9817   9977.010  0.993081  0.32160 
event_time_2_mid      9977.3931  10046.235  0.993147  0.32157 
event_time_3_mid      9993.2347  10061.790  0.993187  0.32155 
event_time_4_mid      9796.5236   9862.329  0.993328  0.32148 
event_time_5_mid      9897.8963   9975.859  0.992185  0.32204 
event_time_6_mid      9692.0245   9764.080  0.992620  0.32183 
event_time_7_mid     10132.7046  10205.401  0.992877  0.32170 
event_time_8_mid      9726.0683   9805.522  0.991897  0.32218 
event_time_9_mid      9491.6325   9574.581  0.991337  0.32245 
event_time_10_mid     9530.6944   9615.881  0.991141  0.32255 
`event_time_-5_high`  9542.8531   9761.654  0.977586  0.32920 
`event_time_-4_high`  9500.3711   9714.953  0.977912  0.32904 
`event_time_-3_high`  9509.5905   9724.205  0.977930  0.32903 
`event_time_-2_high`  9537.3157   9750.938  0.978092  0.32895 
event_time_0_high     9850.2006  10068.094  0.978358  0.32882 
event_time_1_high     8636.5751   8848.253  0.976077  0.32994 
event_time_2_high     8692.7486   8902.388  0.976451  0.32976 
event_time_3_high     8715.8621   8924.996  0.976568  0.32970 
event_time_4_high     8124.3201   8316.225  0.976924  0.32953 
event_time_5_high     9281.3367   9434.732  0.983741  0.32617 
event_time_6_high     8719.1198   8904.664  0.979163  0.32842 
event_time_7_high     8212.8657   8370.483  0.981170  0.32743 
event_time_8_high     9102.5624   9240.614  0.985060  0.32552 
event_time_9_high     9097.6802   9224.804  0.986219  0.32495 
event_time_10_high    9384.8439   9507.899  0.987058  0.32454 
---
Signif. codes:  0 '***' 0.001 '**' 0.01 '*' 0.05 '.' 0.1 ' ' 1
RMSE: 828,867.5     Adj. R2: -0.004278
                  Within R2:  4.243e-6
